100
10000000
9999999
9999998
9999997
9999996
9999995
9999994
9999993
9999992
9999991
9999990
9999989
9999988
9999987
9999986
9999985
9999984
9999983
9999982
9999981
9999980
9999979
9999978
9999977
9999976
9999975
9999974
9999973
9999972
9999971
9999970
9999969
9999968
9999967
9999966
9999965
9999964
9999963
9999962
9999961
9999960
9999959
9999958
9999957
9999956
9999955
9999954
9999953
9999952
9999951
9999950
9999949
9999948
9999947
9999946
9999945
9999944
9999943
9999942
9999941
9082739
9983520
9578977
9134377
9268154
9405133
9567664
9498640
9155608
9638082
9945069
9840491
9739712
9830068
9005622
9730338
9852256
9072027
9469791
9828104
9019963
9919756
9311299
9674108
9860234
9267167
9982572
9431574
9335663
9435766
9753211
9714602
9549979
9015243
9443302
9780744
9460231
9459467
9183353
9035175
